    [%.RS[1,1],%.RS[2,1],%.RS[3,1],%.RS[4,1],%.RS[5,1],%.RS[6,1],%.RS[7,1],%.RS[8,1],%.RS[9,1]=1.0,0.0,0.0,0.0,0.0,1.0,0,0,0]
    [%.RS[1,2],%.RS[2,2],%.RS[3,2],%.RS[4,2],%.RS[5,2],%.RS[6,2],%.RS[7,2],%.RS[8,2],%.RS[9,2]=2.0,30.0,0,0,0,35.0,50.0,30.0,30.0]
    [%.RS[1,3],%.RS[2,3],%.RS[3,3],%.RS[4,3],%.RS[5,3],%.RS[6,3],%.RS[7,3],%.RS[8,3],%.RS[9,3]=7.0,30.0,0.0,0,0,0,0,30.0,0]
    [%.RS[1,4],%.RS[2,4],%.RS[3,4],%.RS[4,4],%.RS[5,4],%.RS[6,4],%.RS[7,4],%.RS[8,4],%.RS[9,4]=81.0,0,0,0,0,0,30.0,0,0]
    [%.RS[1,5],%.RS[2,5],%.RS[3,5],%.RS[4,5],%.RS[5,5],%.RS[6,5],%.RS[7,5],%.RS[8,5],%.RS[9,5]=80.0,0,0,0,0,0,0,30.0,0]
    [%.RS[1,6],%.RS[2,6],%.RS[3,6],%.RS[4,6],%.RS[5,6],%.RS[6,6],%.RS[7,6],%.RS[8,6],%.RS[9,6]=3.0,30.0,0,0.0,0.0,0,0,30.0,0]
    [%.RS[1,7],%.RS[2,7],%.RS[3,7],%.RS[4,7],%.RS[5,7],%.RS[6,7],%.RS[7,7],%.RS[8,7],%.RS[9,7]=9.0,30.0,0,0,0,60.0,0,0,0]
    [%.RS[1,8],%.RS[2,8],%.RS[3,8],%.RS[4,8],%.RS[5,8],%.RS[6,8],%.RS[7,8],%.RS[8,8],%.RS[9,8]=83.0,0,0,0,0,0,0,0,0]
    [%.RS[1,9],%.RS[2,9],%.RS[3,9],%.RS[4,9],%.RS[5,9],%.RS[6,9],%.RS[7,9],%.RS[8,9],%.RS[9,9]=81.0,0,0,0,0,0,40.0,0,0]
    [%.RS[1,10],%.RS[2,10],%.RS[3,10],%.RS[4,10],%.RS[5,10],%.RS[6,10],%.RS[7,10],%.RS[8,10],%.RS[9,10]=10.0,30.0,1.0,60.0,1.0,0,0,0,0]
    [%.RS[1,11],%.RS[2,11],%.RS[3,11],%.RS[4,11],%.RS[5,11],%.RS[6,11],%.RS[7,11],%.RS[8,11],%.RS[9,11]=81.0,0,0,0,0,0,50.0,0,0]
    [%.RS[1,12],%.RS[2,12],%.RS[3,12],%.RS[4,12],%.RS[5,12],%.RS[6,12],%.RS[7,12],%.RS[8,12],%.RS[9,12]=9.0,30.0,0,0,0,86.0,0,36.0,0]
    [%.RS[1,13],%.RS[2,13],%.RS[3,13],%.RS[4,13],%.RS[5,13],%.RS[6,13],%.RS[7,13],%.RS[8,13],%.RS[9,13]=86.0,0,0,0,0,30.0,0,0,0]
    [%.RS[1,14],%.RS[2,14],%.RS[3,14],%.RS[4,14],%.RS[5,14],%.RS[6,14],%.RS[7,14],%.RS[8,14],%.RS[9,14]=87.0,0,0,0,0,0,0,0,0]
    [%.RS[1,15],%.RS[2,15],%.RS[3,15],%.RS[4,15],%.RS[5,15],%.RS[6,15],%.RS[7,15],%.RS[8,15],%.RS[9,15]=11.0,30.0,0,0,0,60.0,0,0,0]
    [%.RS[1,16],%.RS[2,16],%.RS[3,16],%.RS[4,16],%.RS[5,16],%.RS[6,16],%.RS[7,16],%.RS[8,16],%.RS[9,16]=91.0,30.0,0,0,0,0,0,0,0]
    [%.RS[1,17],%.RS[2,17],%.RS[3,17],%.RS[4,17],%.RS[5,17],%.RS[6,17],%.RS[7,17],%.RS[8,17],%.RS[9,17]=81.0,0,0,0,0,0,50.0,0,0]
    [%.RS[1,18],%.RS[2,18],%.RS[3,18],%.RS[4,18],%.RS[5,18],%.RS[6,18],%.RS[7,18],%.RS[8,18],%.RS[9,18]=10.0,30.0,1.0,55.0,2.0,0,0,0,0]
    [%.RS[1,19],%.RS[2,19],%.RS[3,19],%.RS[4,19],%.RS[5,19],%.RS[6,19],%.RS[7,19],%.RS[8,19],%.RS[9,19]=88.0,0,0,0,0,55.0,0,0,0]
    [%.RS[1,20],%.RS[2,20],%.RS[3,20],%.RS[4,20],%.RS[5,20],%.RS[6,20],%.RS[7,20],%.RS[8,20],%.RS[9,20]=89.0,0,0,0,0,0,0,0,0]
    [%.RS[1,21],%.RS[2,21],%.RS[3,21],%.RS[4,21],%.RS[5,21],%.RS[6,21],%.RS[7,21],%.RS[8,21],%.RS[9,21]=5.0,0,0,0,0,0,0,30.0,0]
    [%.RS[1,22],%.RS[2,22],%.RS[3,22],%.RS[4,22],%.RS[5,22],%.RS[6,22],%.RS[7,22],%.RS[8,22],%.RS[9,22]=11.0,30.0,0,0,0,40.0,0,0,0]
    [%.RS[1,23],%.RS[2,23],%.RS[3,23],%.RS[4,23],%.RS[5,23],%.RS[6,23],%.RS[7,23],%.RS[8,23],%.RS[9,23]=81.0,0,0,0,0,0,35.0,0,0]
    [%.RS[1,24],%.RS[2,24],%.RS[3,24],%.RS[4,24],%.RS[5,24],%.RS[6,24],%.RS[7,24],%.RS[8,24],%.RS[9,24]=90.0,0,0,0,0,40.0,0,0,0]
    [%.RS[1,25],%.RS[2,25],%.RS[3,25],%.RS[4,25],%.RS[5,25],%.RS[6,25],%.RS[7,25],%.RS[8,25],%.RS[9,25]=84.0,0,0,0,0,0,0,0,0]
    [%.RS[1,26],%.RS[2,26],%.RS[3,26],%.RS[4,26],%.RS[5,26],%.RS[6,26],%.RS[7,26],%.RS[8,26],%.RS[9,26]=6.0,30.0,0,0,0,0,0,30.0,0]
    [%.RS[1,27],%.RS[2,27],%.RS[3,27],%.RS[4,27],%.RS[5,27],%.RS[6,27],%.RS[7,27],%.RS[8,27],%.RS[9,27]=82.0,0,0,0,0,0,0,0,0]
    [%.RS[1,28],%.RS[2,28],%.RS[3,28],%.RS[4,28],%.RS[5,28],%.RS[6,28],%.RS[7,28],%.RS[8,28],%.RS[9,28]=20.0,30.0,0,0,0,0,0,0,1.0]
    
